image: Spielberg_map.png
negate: 0
occupied_thresh: 0.75
free_thresh: 0.25
resolution: 0.05
origin: [0.0, 0.0, 0.0]
starting_pose: [43.7, 23.450000000000003, 2.9441970937399127]
